z400	25%
0	788
0.0139	838.653
0.0278	881.488
0.0417	875.323
0.0556	858.294
0.0694	861.978
0.0833	824.235
0.0972	857.068
0.1111	863.519
0.125	839.109
0.1389	852.286
0.1528	851.573
0.1667	844.941
0.1806	871.169
0.1944	855.248
0.2083	861.021
0.2222	862.937
0.2361	837.726
0.25	851.236
0.2639	835.957
0.2778	829.587
0.2917	834.37
0.3056	802.932
0.3194	840.645
0.3333	824.76
0.3472	831.942
0.3611	854.539
0.375	869.786
0.3889	859.921
0.4028	857.143
0.4167	853.603
0.4306	850.919
0.4444	857.917
0.4583	874.148
0.4722	858.536
0.4861	830.614
0.5	841.715
0.5139	856.166
0.5278	841.866
0.5417	837.784
0.5556	870.217
0.5694	859.387
0.5833	855.983
0.5972	848.887
0.6111	838.625
0.625	819.797
0.6389	867.501
0.6528	869.558
0.6667	840.119
0.6806	835.809
0.6944	835.06
0.7083	868.649
0.7222	867.572
0.7361	861.546
0.75	862.432
0.7639	869.636
0.7778	868.615
0.7917	824.4
0.8056	857.852
0.8194	881.514
0.8333	895.295
0.8472	834.044
0.8611	861.322
0.875	849.429
0.8889	851.467
0.9028	861.226
0.9167	846.816
0.9306	851.64
0.9444	859.121
0.9583	850.556
0.9722	828.268
0.9861	841.331
1	869.359
1.0139	859.901
1.0278	850.101
1.0417	832.992
1.0556	827.53
1.0694	831.71
1.0833	801.558
1.0972	824.265
1.1111	842.102
1.125	854.22
1.1389	839.856
1.1528	863.749
1.1667	825.999
1.1806	835.07
1.1944	829.071
1.2083	840.524
1.2222	858.793
1.2361	851.94
1.25	855.958
1.2639	849.302
1.2778	818.375
1.2917	827.609
1.3056	863.92
1.3194	867.002
1.3333	872.531
1.3472	849.565
1.3611	844.196
1.375	845.806
1.3889	852.417
1.4028	845.698
1.4167	854.649
1.4306	866.093
1.4444	871.411
1.4583	845.922
1.4722	851.061
1.4861	861.885
1.5	876.392
1.5139	851.551
1.5278	836.319
1.5417	845.773
1.5556	870.341
1.5694	882.272
1.5833	855.73
1.5972	864.796
1.6111	878.167
1.625	872.896
1.6389	840.898
1.6528	841.795
1.6667	853.233
1.6806	845.506
1.6944	819.481
1.7083	858.598
1.7222	857.45
1.7361	873.036
1.75	857.458
1.7639	855.719
1.7778	857.919
1.7917	855.468
1.8056	874.726
1.8194	890.645
1.8333	864.525
1.8472	878.747
1.8611	836.888
1.875	851.301
1.8889	878.25
1.9028	872.157
1.9167	861.374
1.9306	823.379
1.9444	817.063
1.9583	835.031
1.9722	833.283
1.9861	863.034
2	856.347
2.0139	864.375
2.0278	867.903
2.0417	868.478
2.0556	876.323
2.0694	865.851
2.0833	834.423
2.0972	832.348
2.1111	832.69
2.125	837.125
2.1389	847.738
2.1528	857.355
2.1667	848.578
2.1806	863.768
2.1944	827.293
2.2083	863.63
2.2222	867.903
2.2361	891.762
2.25	870.989
2.2639	845.762
2.2778	877.209
2.2917	855.951
2.3056	817.198
2.3194	831.472
2.3333	848.543
2.3472	843.188
2.3611	854.363
2.375	846.198
2.3889	841.708
2.4028	844.574
2.4167	864.899
2.4306	896.459
2.4444	843.591
2.4583	856.59
2.4722	831.189
2.4861	857.287
2.5	844.865
2.5139	844.586
2.5278	880.009
2.5417	841.951
2.5556	860.451
2.5694	869.252
2.5833	859.03
2.5972	841.631
2.6111	874.973
2.625	876.51
2.6389	857.225
2.6528	846.897
2.6667	851.719
2.6806	844.846
2.6944	835.364
2.7083	862.476
2.7222	864.217
2.7361	830.259
2.75	856.344
2.7639	845.319
2.7778	830.894
2.7917	867.99
2.8056	854.538
2.8194	839.305
2.8333	845.468
2.8472	876.353
2.8611	871.718
2.875	879.202
2.8889	868.969
2.9028	863.826
2.9167	850.845
2.9306	839.187
2.9444	853.415
2.9583	859.139
2.9722	850.129
2.9861	874.755
3	887.356
3.0139	874.341
3.0278	869.934
3.0417	833.2
3.0556	840
3.0694	871.282
3.0833	840.643
3.0972	833.547
3.1111	844.123
3.125	864.068
3.1389	870.023
3.1528	867.293
3.1667	873.892
3.1806	851.303
3.1944	826.428
3.2083	824.327
3.2222	841.988
3.2361	849.018
3.25	852.425
3.2639	856.309
3.2778	812.99
3.2917	851.892
3.3056	847.346
3.3194	865.453
3.3333	873.572
3.3472	896.292
3.3611	870.008
3.375	862.73
3.3889	852.072
3.4028	854.019
3.4167	849.793
3.4306	856.411
3.4444	875.213
3.4583	865.353
3.4722	832.306
3.4861	845.325
3.5	851.486
3.5139	830.879
3.5278	850.002
3.5417	861.144
3.5556	892.171
3.5694	853.636
3.5833	899.275
3.5972	856.555
3.6111	831.007
3.625	847.903
3.6389	833.81
3.6528	829.483
3.6667	845.737
3.6806	860.978
3.6944	852.261
3.7083	830.279
3.7222	825.782
3.7361	837.578
3.75	856.929
3.7639	828.678
3.7778	839.622
3.7917	863.664
3.8056	812.549
3.8194	847.399
3.8333	851.827
3.8472	862.477
3.8611	827.84
3.875	859.433
3.8889	858.124
3.9028	846.926
3.9167	862.322
3.9306	893.498
3.9444	860.478
3.9583	860.565
3.9722	864.126
3.9861	853.937
4	839.298
4.0139	835.074
4.0278	829.923
4.0417	862.071
4.0556	873.463
4.0694	834.83
4.0833	836.29
4.0972	847.897
4.1111	841.828
4.125	834.919
4.1389	833.715
4.1528	838.742
4.1667	851.501
4.1806	835.753
4.1944	862.727
4.2083	883.986
4.2222	870.044
4.2361	844.934
4.25	856.863
4.2639	856.08
4.2778	839.1
4.2917	843.934
4.3056	864.705
4.3194	862.15
4.3333	856.625
4.3472	897.382
4.3611	868.279
4.375	831.873
4.3889	832.949
4.4028	863.07
4.4167	895.733
4.4306	852.581
4.4444	842.858
4.4583	846.484
4.4722	852.177
4.4861	841.719
4.5	856.227
4.5139	882.831
4.5278	849.061
4.5417	825.525
4.5556	843.795
4.5694	839.553
4.5833	827.969
4.5972	831.166
4.6111	841.176
4.625	866.782
4.6389	830.631
4.6528	817.934
4.6667	871.894
4.6806	833.281
4.6944	860.134
4.7083	874.4
4.7222	839.073
4.7361	809.194
4.75	833.26
4.7639	832.227
4.7778	799.902
4.7917	815.19
4.8056	832.468
4.8194	830.33
4.8333	843.233
4.8472	840.093
4.8611	839.311
4.875	822.842
4.8889	796.447
4.9028	816.807
4.9167	842.482
4.9306	832.44
4.9444	809.961
4.9583	811.601
4.9722	819.273
4.9861	833.554
5	812.526
5.0139	837.124
5.0278	820.342
5.0417	820.893
5.0556	810.783
5.0694	834.567
5.0833	864.126
5.0972	835.976
5.1111	815.68
5.125	808.497
5.1389	806.293
5.1528	799.424
5.1667	819.626
5.1806	812.058
5.1944	790.15
5.2083	837.926
5.2222	805.087
5.2361	828.73
5.25	773.98
5.2639	783.205
5.2778	806.977
5.2917	810.475
5.3056	791.384
5.3194	804.932
5.3333	812.074
5.3472	791.711
5.3611	784.266
5.375	796.647
5.3889	784.391
5.4028	787.959
5.4167	786.596
5.4306	820.429
5.4444	815.435
5.4583	810.514
5.4722	825.281
5.4861	806.338
5.5	831.708
5.5139	802.678
5.5278	818.127
5.5417	821.23
5.5556	847.404
5.5694	829.873
5.5833	795.611
5.5972	796.018
5.6111	789.813
5.625	788.512
5.6389	812.712
5.6528	798.297
5.6667	811.29
5.6806	805.16
5.6944	800.339
5.7083	764.93
5.7222	803.228
5.7361	812.651
5.75	797.039
5.7639	779.378
5.7778	789.833
5.7917	787.81
5.8056	798.97
5.8194	773.285
5.8333	767.294
5.8472	771.387
5.8611	770.264
5.875	785.033
5.8889	783.511
5.9028	776.266
5.9167	767.914
5.9306	783.507
5.9444	786.106
5.9583	799.25
5.9722	791.37
5.9861	776.705
6	808.853
6.0139	803.142
6.0278	760.348
6.0417	762.333
6.0556	773.267
6.0694	787.105
6.0833	794.315
6.0972	799.181
6.1111	773.057
6.125	775.551
6.1389	779.392
6.1528	764.829
6.1667	765.105
6.1806	761.807
6.1944	773.679
6.2083	787.845
6.2222	769.121
6.2361	773.107
6.25	751.208
6.2639	759.379
6.2778	765.003
6.2917	784.583
6.3056	775.771
6.3194	739.133
6.3333	759.906
6.3472	755.245
6.3611	752.434
6.375	759.731
6.3889	740.487
6.4028	775.206
6.4167	768.991
6.4306	766.51
6.4444	776.992
6.4583	790.414
6.4722	752.419
6.4861	775.504
6.5	791.985
6.5139	760.804
6.5278	754.706
6.5417	780.753
6.5556	762.098
6.5694	745.442
6.5833	785.915
6.5972	728.797
6.6111	739.328
6.625	729.591
6.6389	734.818
6.6528	747.059
6.6667	734.551
6.6806	740.789
6.6944	746.498
6.7083	751.395
6.7222	729.451
6.7361	724.54
6.75	737.45
6.7639	722.489
6.7778	738.407
6.7917	739.442
6.8056	736.673
6.8194	769.322
6.8333	730.893
6.8472	714.255
6.8611	715.078
6.875	734.721
6.8889	736.708
6.9028	729.448
6.9167	725.523
6.9306	708.387
6.9444	701.774
6.9583	717.2
6.9722	715.32
6.9861	703.649
7	698.421
7.0139	709.489
7.0278	717.345
7.0417	724.509
7.0556	736.796
7.0694	706.936
7.0833	690.065
7.0972	705.501
7.1111	722.621
7.125	677.701
7.1389	725.248
7.1528	691.874
7.1667	704.965
7.1806	681.628
7.1944	691.719
7.2083	724.415
7.2222	708.715
7.2361	702.908
7.25	707.278
7.2639	677.599
7.2778	672.869
7.2917	681.926
7.3056	689.408
7.3194	674.683
7.3333	667.432
7.3472	704.935
7.3611	673.429
7.375	673.415
7.3889	695.415
7.4028	681.667
7.4167	663.959
7.4306	661.127
7.4444	633.94
7.4583	649.582
7.4722	668.879
7.4861	673.088
7.5	671.178
7.5139	674.174
7.5278	680.554
7.5417	667.559
7.5556	664.104
7.5694	679.631
7.5833	666.879
7.5972	648.365
7.6111	664.96
7.625	640.93
7.6389	642.58
7.6528	611.406
7.6667	607.423
7.6806	646.221
7.6944	641.137
7.7083	643.59
7.7222	627.44
7.7361	610.692
7.75	623.37
7.7639	640.428
7.7778	634.489
7.7917	619.839
7.8056	623.82
7.8194	633.604
7.8333	621.124
7.8472	622.497
7.8611	613.419
7.875	598.935
7.8889	601.952
7.9028	602.056
7.9167	629.603
7.9306	589.899
7.9444	585.171
7.9583	604.004
7.9722	600.661
7.9861	575.518
8	609.552
8.0139	604.843
8.0278	602.242
8.0417	576.936
8.0556	574.749
8.0694	581.693
8.0833	571.126
8.0972	573.671
8.1111	592.764
8.125	582.52
8.1389	579.76
8.1528	571.737
8.1667	568.288
8.1806	541.052
8.1944	569.433
8.2083	562.824
8.2222	563.876
8.2361	539.957
8.25	526.239
8.2639	535.002
8.2778	535.205
8.2917	542.634
8.3056	546.09
8.3194	549.471
8.3333	524.124
8.3472	535.853
8.3611	523.924
8.375	509.572
8.3889	517.59
8.4028	518.657
8.4167	508.756
8.4306	520.652
8.4444	498.597
8.4583	503.733
8.4722	518.144
8.4861	498.235
8.5	511.634
8.5139	489.374
8.5278	502.755
8.5417	489.651
8.5556	488.767
8.5694	491.846
8.5833	470.822
8.5972	468.542
8.6111	476.696
8.625	496.627
8.6389	487.62
8.6528	459.551
8.6667	459.878
8.6806	470.669
8.6944	472.857
8.7083	466.254
8.7222	450.065
8.7361	435.427
8.75	458.124
8.7639	464.164
8.7778	453.149
8.7917	449.779
8.8056	426.832
8.8194	431.786
8.8333	416.695
8.8472	419.324
8.8611	413.796
8.875	414.868
8.8889	415.793
8.9028	409.72
8.9167	401.904
8.9306	397.342
8.9444	396.084
8.9583	394.484
8.9722	390.157
8.9861	396.487
9	379.538
9.0139	381.285
9.0278	390.805
9.0417	388.607
9.0556	391.156
9.0694	403.004
9.0833	378.169
9.0972	385.733
9.1111	375.72
9.125	363.452
9.1389	357.168
9.1528	354.347
9.1667	338.703
9.1806	340.267
9.1944	346.729
9.2083	341.87
9.2222	344.683
9.2361	341.065
9.25	330.143
9.2639	339.063
9.2778	339.293
9.2917	321.162
9.3056	313.097
9.3194	300.158
9.3333	320.317
9.3472	313.494
9.3611	314.458
9.375	292.078
9.3889	310.781
9.4028	312.116
9.4167	305.041
9.4306	301.089
9.4444	290.854
9.4583	285.701
9.4722	293.159
9.4861	289.509
9.5	276.867
9.5139	272.678
9.5278	272.048
9.5417	266.854
9.5556	273.76
9.5694	275.342
9.5833	278.507
9.5972	274.825
9.6111	242.286
9.625	262.161
9.6389	268.7
9.6528	268.585
9.6667	257.846
9.6806	261.931
9.6944	253.483
9.7083	250.507
9.7222	255.873
9.7361	252.369
9.75	251.064
9.7639	264.954
9.7778	261.945
9.7917	245.767
9.8056	239.245
9.8194	243.015
9.8333	243.428
9.8472	249.215
9.8611	237.79
9.875	249.338
9.8889	234.459
9.9028	245.252
9.9167	244.972
9.9306	245.857
9.9444	237.615
9.9583	238.387
9.9722	245.741
9.9861	242.452
10	242.419
10.0139	242.489
10.0278	245.913
10.0417	240.008
10.0556	235.801
10.0694	246.455
10.0833	254.35
10.0972	247.6
10.1111	237.844
10.125	239.732
10.1389	251.255
10.1528	252.758
10.1667	255.669
10.1806	251.057
10.1944	250.329
10.2083	246.06
10.2222	249.991
10.2361	247.807
10.25	247.941
10.2639	256.962
10.2778	264.121
10.2917	263.816
10.3056	260.601
10.3194	265.859
10.3333	265.175
10.3472	268.072
10.3611	269.317
10.375	267.719
10.3889	272.845
10.4028	284.808
10.4167	280.239
10.4306	282.405
10.4444	283.807
10.4583	272.284
10.4722	277.355
10.4861	284.9
10.5	298.452
10.5139	294.003
10.5278	291.325
10.5417	300.829
10.5556	307.909
10.5694	306.594
10.5833	307.098
10.5972	308.035
10.6111	314.704
10.625	333.575
10.6389	317.886
10.6528	314.915
10.6667	324.063
10.6806	322.957
10.6944	333.585
10.7083	338.974
10.7222	330.447
10.7361	349.279
10.75	345.507
10.7639	334.569
10.7778	334.697
10.7917	337.089
10.8056	349.739
10.8194	356.404
10.8333	357.192
10.8472	368.446
10.8611	367.408
10.875	373.446
10.8889	369.705
10.9028	363.248
10.9167	369.122
10.9306	387.304
10.9444	390.283
10.9583	396.016
10.9722	356.191
10.9861	391.352
11	405.249
11.0139	404.239
11.0278	401.456
11.0417	424.209
11.0556	406.39
11.0694	411.192
11.0833	414.038
11.0972	411.338
11.1111	426.732
11.125	427.183
11.1389	423.623
11.1528	452.344
11.1667	456.475
11.1806	429.878
11.1944	432.343
11.2083	470.405
11.2222	440.068
11.2361	474.292
11.25	475.554
11.2639	467.799
11.2778	463.178
11.2917	460.629
11.3056	482.654
11.3194	494.749
11.3333	485.642
11.3472	482.974
11.3611	478.383
11.375	497.785
11.3889	500.931
11.4028	480.524
11.4167	468.448
11.4306	494.327
11.4444	515.848
11.4583	497.42
11.4722	495.201
11.4861	513.897
11.5	512.659
11.5139	508.362
11.5278	532.103
11.5417	534.841
11.5556	532.447
11.5694	528.569
11.5833	520.202
11.5972	527.399
11.6111	548.231
11.625	558.332
11.6389	548.266
11.6528	555.217
11.6667	549.158
11.6806	560.704
11.6944	566.195
11.7083	556.923
11.7222	541.422
11.7361	563.808
11.75	560.668
11.7639	555.926
11.7778	569.004
11.7917	579.818
11.8056	554.048
11.8194	576.011
11.8333	602.63
11.8472	588.547
11.8611	586.653
11.875	583.472
11.8889	594.425
11.9028	601.889
11.9167	588.522
11.9306	602.312
11.9444	619.785
11.9583	611.396
11.9722	594.121
11.9861	599.198
12	610.113
12.0139	605.731
12.0278	607.85
12.0417	602.931
12.0556	597.004
12.0694	617.69
12.0833	623.88
12.0972	614.027
12.1111	627.275
12.125	622.44
12.1389	614.077
12.1528	629.203
12.1667	619.851
12.1806	624.625
12.1944	627.226
12.2083	630.115
12.2222	649.385
12.2361	643.844
12.25	642.926
12.2639	661.575
12.2778	652.58
12.2917	663.834
12.3056	656.753
12.3194	672.647
12.3333	678.108
12.3472	688.517
12.3611	662.539
12.375	664.953
12.3889	666.791
12.4028	692.247
12.4167	687.48
12.4306	683.587
12.4444	676.226
12.4583	696.973
12.4722	695.499
12.4861	688.702
12.5	692.637
12.5139	681.774
12.5278	681.911
12.5417	729.172
12.5556	713.324
12.5694	691.106
12.5833	690.312
12.5972	705.993
12.6111	736.133
12.625	718.397
12.6389	707.221
12.6528	708.042
12.6667	684.667
12.6806	722.785
12.6944	735.153
12.7083	726.29
12.7222	731.25
12.7361	698.909
12.75	691.919
12.7639	717.675
12.7778	725.631
12.7917	741.984
12.8056	738.152
12.8194	713.734
12.8333	721.635
12.8472	741.656
12.8611	738.255
12.875	732.215
12.8889	711.913
12.9028	737.524
12.9167	747.741
12.9306	758.906
12.9444	725.232
12.9583	756.679
12.9722	744.563
12.9861	749.802
13	741.832
13.0139	730.571
13.0278	732.915
13.0417	755.496
13.0556	781.993
13.0694	767.866
13.0833	751.183
13.0972	739.783
13.1111	752.939
13.125	738.803
13.1389	815.707
13.1528	726.397
13.1667	788.026
13.1806	740.862
13.1944	750.216
13.2083	801.101
13.2222	801.452
13.2361	779.319
13.25	761.577
13.2639	775.924
13.2778	775.284
13.2917	801.182
13.3056	827.431
13.3194	813.861
13.3333	796.832
13.3472	794.24
13.3611	806.473
13.375	803.09
13.3889	793.649
13.4028	798.733
13.4167	763.045
13.4306	798.671
13.4444	771.949
13.4583	782.648
13.4722	784.38
13.4861	788.826
13.5	783.449
13.5139	814.43
13.5278	816.929
13.5417	801.568
13.5556	808.487
13.5694	810.473
13.5833	793.783
13.5972	805.175
13.6111	813.38
13.625	815.951
13.6389	830.178
13.6528	807.906
13.6667	809.278
13.6806	844.761
13.6944	805.446
13.7083	793.28
13.7222	814.58
13.7361	785.906
13.75	837.374
13.7639	791.475
13.7778	820.949
13.7917	824.978
13.8056	830.044
13.8194	818.325
13.8333	821.029
13.8472	823.868
13.8611	815.917
13.875	819.022
13.8889	837.022
13.9028	809.51
13.9167	822.174
13.9306	808.6
13.9444	822.361
13.9583	841.07
13.9722	834.824
13.9861	813.647
14	847.723
14.0139	812.073
14.0278	805.326
14.0417	815.667
14.0556	850.907
14.0694	841.313
14.0833	823.007
14.0972	819.302
14.1111	833.422
14.125	839.543
14.1389	834.953
14.1528	835.099
14.1667	827.69
14.1806	839.746
14.1944	827.124
14.2083	838.588
14.2222	853.178
14.2361	859.966
14.25	850.347
14.2639	832.895
14.2778	821.467
14.2917	835.646
14.3056	844.737
14.3194	864.818
14.3333	848.991
14.3472	842.18
14.3611	879.585
14.375	864.44
14.3889	855.698
14.4028	884.364
14.4167	891.691
14.4306	884.778
14.4444	873.099
14.4583	827.787
14.4722	852.034
14.4861	844.127
14.5	908.774
14.5139	892.968
14.5278	818.472
14.5417	866.682
14.5556	842.864
14.5694	831.672
14.5833	837.103
14.5972	811.631
14.6111	849.974
14.625	872.341
14.6389	862.996
14.6528	852.397
14.6667	856.04
14.6806	854.161
14.6944	867.343
14.7083	889.985
14.7222	862.017
14.7361	849.39
14.75	841.835
14.7639	863.333
14.7778	848.69
14.7917	850.288
14.8056	877.667
