z404	7%
0	2373
0.0139	2294.211
0.0278	2377.671
0.0417	2299.748
0.0556	2359.781
0.0694	2363.008
0.0833	2420.574
0.0972	2358.857
0.1111	2320.694
0.125	2316.458
0.1389	2325.821
0.1528	2365.364
0.1667	2391.747
0.1806	2304.671
0.1944	2314.594
0.2083	2402.145
0.2222	2401.868
0.2361	2361.062
0.25	2330.072
0.2639	2396.257
0.2778	2383.489
0.2917	2369.051
0.3056	2362.858
0.3194	2334.152
0.3333	2401.831
0.3472	2383.336
0.3611	2283.212
0.375	2267.993
0.3889	2298.513
0.4028	2315.929
0.4167	2363.828
0.4306	2431.801
0.4444	2435.193
0.4583	2408.707
0.4722	2368.4
0.4861	2392.299
0.5	2459.698
0.5139	2350.622
0.5278	2375.23
0.5417	2451.434
0.5556	2298.84
0.5694	2345.602
0.5833	2344.592
0.5972	2250.518
0.6111	2390.227
0.625	2306.46
0.6389	2343.68
0.6528	2371.829
0.6667	2463.714
0.6806	2337.303
0.6944	2312.016
0.7083	2350.733
0.7222	2346.052
0.7361	2514.243
0.75	2380.089
0.7639	2411.993
0.7778	2325.96
0.7917	2337.689
0.8056	2388.654
0.8194	2342.255
0.8333	2432.812
0.8472	2394.438
0.8611	2346.889
0.875	2375.121
0.8889	2419.185
0.9028	2442.515
0.9167	2429.387
0.9306	2359.345
0.9444	2308.74
0.9583	2334.313
0.9722	2404.42
0.9861	2380.962
1	2276.996
1.0139	2262.84
1.0278	2274.667
1.0417	2312.133
1.0556	2380.029
1.0694	2296.125
1.0833	2273.174
1.0972	2323.791
1.1111	2433.723
1.125	2380.491
1.1389	2363.6
1.1528	2315.766
1.1667	2377.252
1.1806	2357.5
1.1944	2341.077
1.2083	2460.608
1.2222	2417.241
1.2361	2380.896
1.25	2371.042
1.2639	2326.742
1.2778	2375.511
1.2917	2376.26
1.3056	2329.472
1.3194	2381.078
1.3333	2410.155
1.3472	2367.153
1.3611	2384.294
1.375	2329.101
1.3889	2348.569
1.4028	2264.562
1.4167	2296.199
1.4306	2300.969
1.4444	2297.064
1.4583	2347.59
1.4722	2329.144
1.4861	2372.504
1.5	2349.891
1.5139	2324.257
1.5278	2377.771
1.5417	2372.214
1.5556	2340.401
1.5694	2391.973
1.5833	2369.639
1.5972	2329.55
1.6111	2364.198
1.625	2345.915
1.6389	2356.958
1.6528	2328.154
1.6667	2356.131
1.6806	2404.17
1.6944	2370.8
1.7083	2340.103
1.7222	2358.674
1.7361	2432.604
1.75	2343.506
1.7639	2370.761
1.7778	2346.743
1.7917	2283.096
1.8056	2344.742
1.8194	2439.951
1.8333	2359.861
1.8472	2285.464
1.8611	2313.02
1.875	2400.736
1.8889	2334.287
1.9028	2407.004
1.9167	2338.284
1.9306	2461.229
1.9444	2298.129
1.9583	2343.377
1.9722	2314.081
1.9861	2328.977
2	2373.202
2.0139	2386.746
2.0278	2355.17
2.0417	2284.694
2.0556	2268.027
2.0694	2293.158
2.0833	2333.846
2.0972	2324.458
2.1111	2304.783
2.125	2303.342
2.1389	2331.935
2.1528	2340.413
2.1667	2305.341
2.1806	2323.452
2.1944	2271.471
2.2083	2284.515
2.2222	2348.071
2.2361	2352.994
2.25	2352.332
2.2639	2336.686
2.2778	2400.583
2.2917	2374.494
2.3056	2296.245
2.3194	2283.858
2.3333	2306.875
2.3472	2363.94
2.3611	2351.149
2.375	2309.79
2.3889	2356.561
2.4028	2312.583
2.4167	2429.264
2.4306	2341.984
2.4444	2283.068
2.4583	2326.006
2.4722	2324.812
2.4861	2354.113
2.5	2426.982
2.5139	2368.523
2.5278	2306.475
2.5417	2418.132
2.5556	2428.558
2.5694	2352.076
2.5833	2303.709
2.5972	2343.483
2.6111	2314.332
2.625	2383.652
2.6389	2429.004
2.6528	2337.206
2.6667	2338.768
2.6806	2366.954
2.6944	2347.708
2.7083	2371.998
2.7222	2382.957
2.7361	2366.723
2.75	2352.237
2.7639	2383.881
2.7778	2354.072
2.7917	2382.879
2.8056	2432.172
2.8194	2375.921
2.8333	2344.788
2.8472	2311.705
2.8611	2324.954
2.875	2391.688
2.8889	2387.471
2.9028	2369.292
2.9167	2426.261
2.9306	2363.181
2.9444	2370.314
2.9583	2402.048
2.9722	2378.665
2.9861	2298.333
3	2349.179
3.0139	2317.206
3.0278	2292.361
3.0417	2355.45
3.0556	2338.978
3.0694	2275.262
3.0833	2279.281
3.0972	2338
3.1111	2368.122
3.125	2322.69
3.1389	2404.203
3.1528	2239.536
3.1667	2298.667
3.1806	2279.623
3.1944	2337.35
3.2083	2345.741
3.2222	2380.925
3.2361	2445.464
3.25	2344.593
3.2639	2330.454
3.2778	2319.964
3.2917	2344.013
3.3056	2292.589
3.3194	2367.167
3.3333	2398.08
3.3472	2342.158
3.3611	2331.027
3.375	2313.573
3.3889	2242.2
3.4028	2217.632
3.4167	2323.269
3.4306	2365.278
3.4444	2332.86
3.4583	2331.057
3.4722	2388.21
3.4861	2409.207
3.5	2345.365
3.5139	2300.705
3.5278	2323.618
3.5417	2351.117
3.5556	2379.736
3.5694	2404.791
3.5833	2395.268
3.5972	2304.588
3.6111	2264.618
3.625	2211.47
3.6389	2301.958
3.6528	2343.877
3.6667	2291.643
3.6806	2350.459
3.6944	2375.681
3.7083	2336.35
3.7222	2327.631
3.7361	2404.298
3.75	2316.144
3.7639	2287.095
3.7778	2411.497
3.7917	2340.112
3.8056	2277.263
3.8194	2343.303
3.8333	2274.964
3.8472	2324.887
3.8611	2323.213
3.875	2416.02
3.8889	2468.779
3.9028	2313.865
3.9167	2365.899
3.9306	2268.106
3.9444	2371.929
3.9583	2301.416
3.9722	2303.683
3.9861	2356.219
4	2308.345
4.0139	2320.007
4.0278	2297.367
4.0417	2289.161
4.0556	2338.402
4.0694	2344.796
4.0833	2348.643
4.0972	2353.476
4.1111	2362.358
4.125	2319.264
4.1389	2294.08
4.1528	2282.825
4.1667	2276.558
4.1806	2325.056
4.1944	2296.835
4.2083	2280.408
4.2222	2259.029
4.2361	2325.246
4.25	2346.345
4.2639	2369.099
4.2778	2331.636
4.2917	2297.178
4.3056	2285.314
4.3194	2260.555
4.3333	2277.772
4.3472	2326.996
4.3611	2318.944
4.375	2264.656
4.3889	2290.985
4.4028	2354.946
4.4167	2197.975
4.4306	2342.499
4.4444	2406.613
4.4583	2308.496
4.4722	2264.696
4.4861	2333.892
4.5	2358.671
4.5139	2307.746
4.5278	2326.412
4.5417	2292.355
4.5556	2325.298
4.5694	2300.749
4.5833	2391.02
4.5972	2350.303
4.6111	2243.365
4.625	2236.2
4.6389	2280.101
4.6528	2290.032
4.6667	2326.442
4.6806	2347.038
4.6944	2319.521
4.7083	2321.455
4.7222	2327.324
4.7361	2331.328
4.75	2337.073
4.7639	2285.028
4.7778	2222.368
4.7917	2202.995
4.8056	2238.556
4.8194	2236.498
4.8333	2255.984
4.8472	2308.138
4.8611	2286.184
4.875	2193.232
4.8889	2238.012
4.9028	2222.961
4.9167	2277.68
4.9306	2223.029
4.9444	2212.101
4.9583	2206.183
4.9722	2251.035
4.9861	2192.903
5	2313.917
5.0139	2246.164
5.0278	2210.94
5.0417	2199.369
5.0556	2252.079
5.0694	2308.708
5.0833	2247.458
5.0972	2246.838
5.1111	2271.517
5.125	2163.478
5.1389	2193.998
5.1528	2221.651
5.1667	2154.721
5.1806	2162.114
5.1944	2130.696
5.2083	2209.709
5.2222	2180.688
5.2361	2132.201
5.25	2151.684
5.2639	2098.758
5.2778	2158.495
5.2917	2205.65
5.3056	2186.72
5.3194	2177.152
5.3333	2152.069
5.3472	2163.307
5.3611	2164.402
5.375	2157.777
5.3889	2157.854
5.4028	2137.583
5.4167	2126.312
5.4306	2120.725
5.4444	2087
5.4583	2163.988
5.4722	2158.194
5.4861	2116.489
5.5	2101.455
5.5139	2077.542
5.5278	2179.171
5.5417	2039.421
5.5556	2072.185
5.5694	2151.09
5.5833	2121.456
5.5972	2078.766
5.6111	2060.702
5.625	1966.548
5.6389	2002.891
5.6528	2049.848
5.6667	2039.161
5.6806	2005.798
5.6944	2073.531
5.7083	2054.099
5.7222	2102.254
5.7361	2065.536
5.75	2038.498
5.7639	1977.251
5.7778	1953.121
5.7917	2004.77
5.8056	1953.104
5.8194	1943.469
5.8333	1935.01
5.8472	1925.148
5.8611	1895.068
5.875	1950.149
5.8889	1967.748
5.9028	1915.212
5.9167	1907.021
5.9306	1897.693
5.9444	1874.639
5.9583	1836.233
5.9722	1816.854
5.9861	1856.025
6	1840.816
6.0139	1766.47
6.0278	1736.668
6.0417	1716.679
6.0556	1751.614
6.0694	1772.289
6.0833	1716.862
6.0972	1617.554
6.1111	1578.939
6.125	1631.092
6.1389	1681.089
6.1528	1634.766
6.1667	1554.886
6.1806	1557.103
6.1944	1525.921
6.2083	1518.584
6.2222	1545.806
6.2361	1545.815
6.25	1519.047
6.2639	1557.011
6.2778	1447.887
6.2917	1504.006
6.3056	1352.558
6.3194	1441.996
6.3333	1463.539
6.3472	1406.453
6.3611	1357.05
6.375	1330.034
6.3889	1372.154
6.4028	1349.192
6.4167	1285.759
6.4306	1262.912
6.4444	1256.449
6.4583	1234.94
6.4722	1200.251
6.4861	1144.608
6.5	1177.219
6.5139	1138.485
6.5278	1157.784
6.5417	1140.083
6.5556	1126.771
6.5694	1105.021
6.5833	1118.427
6.5972	1096.438
6.6111	1102.789
6.625	1103.254
6.6389	1053.066
6.6528	1041.4
6.6667	1015.567
6.6806	998.923
6.6944	1051.436
6.7083	1086.351
6.7222	1012.378
6.7361	999.36
6.75	969.075
6.7639	1001.15
6.7778	972.302
6.7917	985.541
6.8056	947.526
6.8194	953.899
6.8333	944.192
6.8472	938.642
6.8611	972.087
6.875	986.908
6.8889	867.891
6.9028	837.622
6.9167	912.782
6.9306	924.244
6.9444	909.384
6.9583	884.948
6.9722	932.022
6.9861	867.283
7	877.509
7.0139	878.82
7.0278	847.183
7.0417	864.802
7.0556	914.117
7.0694	913.26
7.0833	932.544
7.0972	938.026
7.1111	958.917
7.125	958.762
7.1389	993.809
7.1528	1026.497
7.1667	1036.027
7.1806	1070.124
7.1944	1137.687
7.2083	1191
7.2222	1238.346
7.2361	1244.069
7.25	1253.615
7.2639	1325.926
7.2778	1364.553
7.2917	1362.125
7.3056	1356.327
7.3194	1412.408
7.3333	1472.846
7.3472	1496.293
7.3611	1516.286
7.375	1432.79
7.3889	1570.837
7.4028	1563.389
7.4167	1569.571
7.4306	1630.301
7.4444	1617.845
7.4583	1623.9
7.4722	1663.277
7.4861	1671.759
7.5	1615.118
7.5139	1742.132
7.5278	1789.476
7.5417	1751.369
7.5556	1748.768
7.5694	1720.434
7.5833	1749.009
7.5972	1740.217
7.6111	1843.59
7.625	1801.033
7.6389	1898.014
7.6528	1840.57
7.6667	1817.573
7.6806	1858.276
7.6944	1902.755
7.7083	1933.099
7.7222	1876.822
7.7361	1913.438
7.75	1941.879
7.7639	1888.42
7.7778	1888.21
7.7917	1909.209
7.8056	1925.43
7.8194	1943.646
7.8333	1950.667
7.8472	1892.002
7.8611	1931.363
7.875	2057.882
7.8889	2029.083
7.9028	2003.504
7.9167	2068.942
7.9306	2007.587
7.9444	1971.126
7.9583	2002.345
7.9722	2054.671
7.9861	2030.428
8	2067.052
8.0139	2071
8.0278	2061.681
8.0417	1999.553
8.0556	2068.932
8.0694	2070.073
8.0833	2083.247
8.0972	2126.473
8.1111	1992.677
8.125	2067.025
8.1389	2038.16
8.1528	2163.685
8.1667	2108.8
8.1806	1927.405
8.1944	2145.033
8.2083	2167.059
8.2222	2133.939
8.2361	2183.851
8.25	2166.052
8.2639	2141.625
8.2778	2114.991
8.2917	2118.96
8.3056	2195.393
8.3194	2153.289
8.3333	2134.486
8.3472	2135.499
8.3611	2152.471
8.375	2210.261
8.3889	2248.63
8.4028	2219.612
8.4167	2190.74
8.4306	2188.21
8.4444	2249.587
8.4583	2180.658
8.4722	2135.98
8.4861	2144.479
8.5	2129.083
8.5139	2198.735
8.5278	2235.085
8.5417	2216.85
8.5556	2207.317
8.5694	2171.755
8.5833	2096.427
8.5972	2211.47
8.6111	2263.26
8.625	2180.559
8.6389	2238.107
8.6528	2154.876
8.6667	2200.837
8.6806	2168.137
8.6944	2190.986
8.7083	2193.969
8.7222	2198.084
8.7361	2238.515
8.75	2240.302
8.7639	2272.333
8.7778	2131.549
8.7917	2194.83
8.8056	2171.903
8.8194	2201.942
8.8333	2286.242
8.8472	2284.299
8.8611	2208.092
8.875	2277.13
8.8889	2175.215
8.9028	2164.735
8.9167	2264.686
8.9306	2330.238
8.9444	2299.049
8.9583	2293.44
8.9722	2295.426
8.9861	2283.594
9	2292.76
9.0139	2225.903
9.0278	2243.623
9.0417	2259.771
9.0556	2198.138
9.0694	2220.378
9.0833	2277.001
9.0972	2304.733
9.1111	2317.589
9.125	2314.797
9.1389	2282.875
9.1528	2275.891
9.1667	2289.588
9.1806	2340.555
9.1944	2273.493
9.2083	2242.634
9.2222	2237.115
9.2361	2277.547
9.25	2231.628
9.2639	2225.846
9.2778	2249.724
9.2917	2257.178
9.3056	2260.64
9.3194	2247.406
9.3333	2309.119
9.3472	2227.215
9.3611	2317.237
9.375	2315.867
9.3889	2296.444
9.4028	2330.625
9.4167	2260.927
9.4306	2209.127
9.4444	2292.903
9.4583	2329.063
9.4722	2295.83
9.4861	2253.487
9.5	2300.093
9.5139	2235.131
9.5278	2240.623
9.5417	2262.367
9.5556	2247.745
9.5694	2271.838
9.5833	2307.815
9.5972	2326.939
9.6111	2268.889
9.625	2282.118
9.6389	2215.639
9.6528	2248.62
9.6667	2268.12
9.6806	2310.05
9.6944	2304.405
9.7083	2257.469
9.7222	2263.995
9.7361	2322.978
9.75	2315.295
9.7639	2297.694
9.7778	2341.289
9.7917	2327.677
9.8056	2320.572
9.8194	2339.044
9.8333	2344.517
9.8472	2336.015
9.8611	2276.033
9.875	2259.443
9.8889	2295.231
9.9028	2266.817
9.9167	2289.628
9.9306	2302.916
9.9444	2333.767
9.9583	2231.476
9.9722	2290.141
9.9861	2349.429
10	2211.949
10.0139	2377.802
10.0278	2283.489
10.0417	2276.849
10.0556	2346.751
10.0694	2246.716
10.0833	2292.575
10.0972	2329.484
10.1111	2270.696
10.125	2248.059
10.1389	2193.925
10.1528	2288.834
10.1667	2327.95
10.1806	2352.084
10.1944	2330.404
10.2083	2314.066
10.2222	2298.913
10.2361	2298.405
10.25	2344.781
10.2639	2379.197
10.2778	2278.472
10.2917	2275.435
10.3056	2280.918
10.3194	2291.659
10.3333	2312.302
10.3472	2342.969
10.3611	2315.341
10.375	2288.865
10.3889	2241.691
10.4028	2308.33
10.4167	2325.156
10.4306	2322.001
10.4444	2307.845
10.4583	2288.198
10.4722	2312.383
10.4861	2274.339
10.5	2301.568
10.5139	2277.7
10.5278	2240.484
10.5417	2261.033
10.5556	2329.073
10.5694	2339.968
10.5833	2273.395
10.5972	2193.968
10.6111	2270.387
10.625	2256.109
10.6389	2290.994
10.6528	2426.293
10.6667	2358.742
10.6806	2252.556
10.6944	2290.424
10.7083	2307.382
10.7222	2304.878
10.7361	2306.797
10.75	2320.191
10.7639	2291.166
10.7778	2350.845
10.7917	2367.882
10.8056	2351.155
10.8194	2307.592
10.8333	2288.528
10.8472	2258.488
10.8611	2294.528
10.875	2313.565
10.8889	2220.166
10.9028	2285.393
10.9167	2325.852
10.9306	2330.046
10.9444	2324.576
10.9583	2305.082
10.9722	2275.329
10.9861	2227.014
11	2237.186
11.0139	2228.169
11.0278	2219.359
11.0417	2203.728
11.0556	2192.52
11.0694	2283.849
11.0833	2353.052
11.0972	2293.9
11.1111	2303.392
11.125	2284.926
11.1389	2188.117
11.1528	2269.531
11.1667	2312.115
11.1806	2258.845
11.1944	2316.533
11.2083	2351.234
11.2222	2324.76
11.2361	2282.391
11.25	2360.669
11.2639	2263.577
11.2778	2197.657
11.2917	2349.547
11.3056	2273.187
11.3194	2252.914
11.3333	2227.589
11.3472	2377.295
11.3611	2290.427
11.375	2295.156
11.3889	2394.689
11.4028	2269.113
11.4167	2245.386
11.4306	2313.072
11.4444	2296.629
11.4583	2321.691
11.4722	2277.046
11.4861	2286.51
11.5	2277.919
11.5139	2348.341
11.5278	2348.3
11.5417	2219.467
11.5556	2256.225
11.5694	2343.848
11.5833	2292.764
11.5972	2216.092
11.6111	2268.496
11.625	2340.372
11.6389	2309.562
11.6528	2191.662
11.6667	2158.282
11.6806	2263.126
11.6944	2273.972
11.7083	2252.805
11.7222	2271.905
11.7361	2272.242
11.75	2289.934
11.7639	2317.543
11.7778	2270.979
11.7917	2312.876
11.8056	2357.241
11.8194	2299.97
11.8333	2297.888
11.8472	2338.049
11.8611	2370.162
11.875	2279.066
11.8889	2321.339
11.9028	2296.734
11.9167	2375.197
11.9306	2281.19
11.9444	2178.292
11.9583	2326.671
11.9722	2278.434
11.9861	2321.075
12	2366.965
12.0139	2249.778
12.0278	2265.365
12.0417	2297.88
12.0556	2245.638
12.0694	2302.521
12.0833	2395.978
12.0972	2294.924
12.1111	2265.574
12.125	2322.968
12.1389	2274.619
12.1528	2285.743
12.1667	2293.754
12.1806	2222.765
12.1944	2264.43
12.2083	2295.784
12.2222	2273.821
12.2361	2266.303
12.25	2236.012
12.2639	2353.553
12.2778	2358.72
12.2917	2291.762
12.3056	2337.135
12.3194	2280.061
12.3333	2266.707
12.3472	2255.237
12.3611	2287.365
12.375	2271.116
12.3889	2273.166
12.4028	2254.737
12.4167	2304.979
12.4306	2292.971
12.4444	2307.665
12.4583	2322.029
12.4722	2332.437
12.4861	2363.17
12.5	2293.711
12.5139	2385.872
12.5278	2258.371
12.5417	2262.954
12.5556	2185.931
12.5694	2296.74
12.5833	2237.258
12.5972	2341.644
12.6111	2219.774
12.625	2289.125
12.6389	2319.167
12.6528	2304.451
12.6667	2318.54
12.6806	2333.743
12.6944	2278.629
12.7083	2243.291
12.7222	2222.355
12.7361	2276.388
12.75	2313.502
12.7639	2273.727
12.7778	2303.605
12.7917	2277.713
12.8056	2283.266
12.8194	2273.725
12.8333	2289.657
12.8472	2295.751
12.8611	2274.056
12.875	2310.101
12.8889	2314.156
12.9028	2333.781
12.9167	2349.477
12.9306	2301.85
12.9444	2323.468
12.9583	2288.22
12.9722	2257.766
12.9861	2266.751
13	2176.791
13.0139	2221.129
13.0278	2299.21
13.0417	2330.412
13.0556	2299.059
13.0694	2277.696
13.0833	2363.668
13.0972	2300.749
13.1111	2251.654
13.125	2261.611
13.1389	2348.791
13.1528	2262.637
13.1667	2306.856
13.1806	2310.921
13.1944	2355.103
13.2083	2224.253
13.2222	2235.468
13.2361	2220.847
13.25	2298.206
13.2639	2358.801
13.2778	2212.403
13.2917	2263.192
13.3056	2262.505
13.3194	2312.404
13.3333	2361.264
13.3472	2343.629
13.3611	2343.055
13.375	2289.327
13.3889	2306.01
13.4028	2335.274
13.4167	2255.056
13.4306	2282.302
13.4444	2254.742
13.4583	2270.078
13.4722	2300.593
13.4861	2244.645
13.5	2236.223
13.5139	2286.37
13.5278	2247.678
13.5417	2229.045
13.5556	2173.662
13.5694	2151.394
13.5833	2225.525
13.5972	2195.641
13.6111	2244.467
13.625	2246.2
13.6389	2265.414
13.6528	2276.966
13.6667	2314.608
13.6806	2345.719
13.6944	2214.813
13.7083	2251.451
13.7222	2245.479
13.7361	2275.708
13.75	2207.142
13.7639	2313.747
13.7778	2317.811
13.7917	2254.334
13.8056	2168.978
13.8194	2209.453
13.8333	2376.718
13.8472	2337.553
13.8611	2223.92
13.875	2216.081
13.8889	2283.205
13.9028	2309.497
13.9167	2311.284
13.9306	2303.443
13.9444	2271.543
13.9583	2222.952
13.9722	2280.728
13.9861	2317.052
14	2211.917
14.0139	2242.183
14.0278	2289.273
14.0417	2280.25
14.0556	2321.895
14.0694	2356.682
14.0833	2283.986
14.0972	2251.525
14.1111	2291.498
14.125	2319.104
14.1389	2263.37
14.1528	2230.57
14.1667	2261.038
14.1806	2259.575
14.1944	2297.759
14.2083	2336.228
14.2222	2330.56
14.2361	2306.494
14.25	2230.595
14.2639	2269.491
14.2778	2257.72
14.2917	2224.601
14.3056	2163.099
14.3194	2234.096
14.3333	2327.045
14.3472	2270.257
14.3611	2357.374
14.375	2181.352
14.3889	2231.15
14.4028	2215.094
14.4167	2224
