z406	7%
0	2462
0.0139	2536.949
0.0278	2535.244
0.0417	2535.368
0.0556	2587.519
0.0694	2559.038
0.0833	2540.469
0.0972	2526.913
0.1111	2539.846
0.125	2536.895
0.1389	2515.207
0.1528	2490.945
0.1667	2486.705
0.1806	2509.309
0.1944	2415.947
0.2083	2484.99
0.2222	2484.81
0.2361	2436.252
0.25	2519.984
0.2639	2472.127
0.2778	2414.872
0.2917	2435.103
0.3056	2498.513
0.3194	2508.735
0.3333	2513.182
0.3472	2567.481
0.3611	2568.999
0.375	2555.824
0.3889	2515.443
0.4028	2532.967
0.4167	2495.483
0.4306	2546.854
0.4444	2412.512
0.4583	2448.744
0.4722	2470.605
0.4861	2507.879
0.5	2542.261
0.5139	2527.603
0.5278	2528.742
0.5417	2470.267
0.5556	2497.635
0.5694	2498.564
0.5833	2449.313
0.5972	2509.732
0.6111	2496.333
0.625	2443.537
0.6389	2490.579
0.6528	2497.835
0.6667	2514.255
0.6806	2481.25
0.6944	2456.25
0.7083	2497.554
0.7222	2485.15
0.7361	2531.803
0.75	2509.359
0.7639	2511.796
0.7778	2491.732
0.7917	2581.316
0.8056	2388.526
0.8194	2468.209
0.8333	2563.991
0.8472	2572.077
0.8611	2538.48
0.875	2435.176
0.8889	2460.36
0.9028	2485.482
0.9167	2385.098
0.9306	2412.632
0.9444	2539.438
0.9583	2511.113
0.9722	2476.777
0.9861	2478.319
1	2579.956
1.0139	2523.988
1.0278	2553.57
1.0417	2471.004
1.0556	2518.836
1.0694	2531.199
1.0833	2570.241
1.0972	2548.453
1.1111	2512.451
1.125	2524.071
1.1389	2525.026
1.1528	2481.374
1.1667	2459.077
1.1806	2548.5
1.1944	2538.891
1.2083	2458.136
1.2222	2551.682
1.2361	2549.528
1.25	2440.979
1.2639	2495.711
1.2778	2453.55
1.2917	2506.738
1.3056	2513.383
1.3194	2504.132
1.3333	2533.209
1.3472	2549.458
1.3611	2487.741
1.375	2474.571
1.3889	2452.358
1.4028	2478.217
1.4167	2469.332
1.4306	2491.167
1.4444	2466.887
1.4583	2543.527
1.4722	2494.085
1.4861	2444.844
1.5	2459.173
1.5139	2478.644
1.5278	2543.05
1.5417	2515.684
1.5556	2401.61
1.5694	2503.455
1.5833	2510.814
1.5972	2557.521
1.6111	2484.637
1.625	2450.859
1.6389	2548.994
1.6528	2471.703
1.6667	2459.539
1.6806	2545.636
1.6944	2531.508
1.7083	2505.769
1.7222	2506.894
1.7361	2515.071
1.75	2487.015
1.7639	2515.758
1.7778	2469.356
1.7917	2420.358
1.8056	2513.217
1.8194	2474.626
1.8333	2564.447
1.8472	2537.553
1.8611	2514.304
1.875	2577.138
1.8889	2567.875
1.9028	2550.516
1.9167	2525.92
1.9306	2484.958
1.9444	2469.529
1.9583	2470.101
1.9722	2439.152
1.9861	2399.567
2	2558.905
2.0139	2478.466
2.0278	2533.699
2.0417	2526.717
2.0556	2468.818
2.0694	2468.661
2.0833	2431.956
2.0972	2453.571
2.1111	2518.897
2.125	2519.869
2.1389	2460.613
2.1528	2420.811
2.1667	2405.361
2.1806	2405.722
2.1944	2492.415
2.2083	2467.284
2.2222	2444.749
2.2361	2557.519
2.25	2544.75
2.2639	2464.055
2.2778	2335.851
2.2917	2417.46
2.3056	2503.944
2.3194	2518.872
2.3333	2495.931
2.3472	2529.983
2.3611	2529.627
2.375	2566.091
2.3889	2531.066
2.4028	2529.527
2.4167	2572.136
2.4306	2549.869
2.4444	2472.122
2.4583	2493.757
2.4722	2418.62
2.4861	2499.125
2.5	2487.85
2.5139	2499.628
2.5278	2549
2.5417	2591.762
2.5556	2515.719
2.5694	2483.188
2.5833	2485.646
2.5972	2436.262
2.6111	2492.513
2.625	2509.946
2.6389	2545.923
2.6528	2580.497
2.6667	2517.727
2.6806	2445.044
2.6944	2415.989
2.7083	2436.071
2.7222	2503.13
2.7361	2505.666
2.75	2492.735
2.7639	2538.861
2.7778	2590.781
2.7917	2428.888
2.8056	2540.889
2.8194	2545.448
2.8333	2498.906
2.8472	2556.894
2.8611	2442.225
2.875	2531.794
2.8889	2477.914
2.9028	2469.778
2.9167	2507.752
2.9306	2515.918
2.9444	2444.61
2.9583	2477.518
2.9722	2511.855
2.9861	2420.818
3	2392.434
3.0139	2609.552
3.0278	2437.473
3.0417	2587.647
3.0556	2403.412
3.0694	2436.673
3.0833	2472.921
3.0972	2452.687
3.1111	2483.895
3.125	2581.72
3.1389	2570.144
3.1528	2390.837
3.1667	2463.79
3.1806	2606.278
3.1944	2571.733
3.2083	2526.282
3.2222	2525.264
3.2361	2452.911
3.25	2509.241
3.2639	2484.965
3.2778	2467.507
3.2917	2423.399
3.3056	2455.791
3.3194	2526.667
3.3333	2520.263
3.3472	2512.393
3.3611	2419
3.375	2351.144
3.3889	2471.468
3.4028	2511.182
3.4167	2366.219
3.4306	2462.461
3.4444	2505.131
3.4583	2513.469
3.4722	2488.096
3.4861	2503.753
3.5	2540.916
3.5139	2476.447
3.5278	2424.983
3.5417	2479.979
3.5556	2493.19
3.5694	2501.349
3.5833	2519.051
3.5972	2561.152
3.6111	2424.174
3.625	2520.253
3.6389	2522.409
3.6528	2533.824
3.6667	2469.955
3.6806	2548.025
3.6944	2497.746
3.7083	2537.34
3.7222	2516.193
3.7361	2514.947
3.75	2549.108
3.7639	2468.255
3.7778	2395.875
3.7917	2503.842
3.8056	2436.31
3.8194	2516.749
3.8333	2599.546
3.8472	2486.733
3.8611	2513.812
3.875	2430.817
3.8889	2499.056
3.9028	2495.996
3.9167	2456.399
3.9306	2448.042
3.9444	2463.96
3.9583	2443.441
3.9722	2442.504
3.9861	2539.399
4	2487.067
4.0139	2438.092
4.0278	2458.784
4.0417	2378.191
4.0556	2492.539
4.0694	2432.429
4.0833	2443.61
4.0972	2479.662
4.1111	2491.502
4.125	2529.057
4.1389	2507.111
4.1528	2424.658
4.1667	2447.336
4.1806	2516.247
4.1944	2494.33
4.2083	2372.855
4.2222	2554.77
4.2361	2508.717
4.25	2451.574
4.2639	2434.99
4.2778	2511.521
4.2917	2550.364
4.3056	2500.896
4.3194	2511.315
4.3333	2492.458
4.3472	2487.302
4.3611	2417.956
4.375	2491.345
4.3889	2508.479
4.4028	2535.733
4.4167	2434.672
4.4306	2558.6
4.4444	2443.979
4.4583	2429.746
4.4722	2463.057
4.4861	2450.665
4.5	2490.603
4.5139	2445.704
4.5278	2468.845
4.5417	2453.774
4.5556	2504.655
4.5694	2557.335
4.5833	2542.323
4.5972	2482.551
4.6111	2425.403
4.625	2500.037
4.6389	2562.421
4.6528	2555.199
4.6667	2477.685
4.6806	2558.132
4.6944	2517.768
4.7083	2471.348
4.7222	2467.734
4.7361	2567.263
4.75	2556.472
4.7639	2490.244
4.7778	2478.056
4.7917	2463.379
4.8056	2471.668
4.8194	2445.371
4.8333	2461.901
4.8472	2521.425
4.8611	2562.112
4.875	2457.198
4.8889	2451.144
4.9028	2451.819
4.9167	2445.307
4.9306	2464.381
4.9444	2472.917
4.9583	2448.853
4.9722	2382.629
4.9861	2503.531
5	2571.218
5.0139	2486.21
5.0278	2543.475
5.0417	2412.871
5.0556	2434.14
5.0694	2496.841
5.0833	2470.722
5.0972	2400.085
5.1111	2458.514
5.125	2478.008
5.1389	2481.773
5.1528	2477.747
5.1667	2501.002
5.1806	2537.865
5.1944	2504.475
5.2083	2532.306
5.2222	2520.843
5.2361	2552.092
5.25	2464.668
5.2639	2371.217
5.2778	2415.822
5.2917	2523.8
5.3056	2468.674
5.3194	2453.45
5.3333	2455.125
5.3472	2500.17
5.3611	2541.045
5.375	2520.952
5.3889	2456.526
5.4028	2560.942
5.4167	2475.805
5.4306	2635.626
5.4444	2444.335
5.4583	2467.233
5.4722	2467.278
5.4861	2424.522
5.5	2466.754
5.5139	2511.557
5.5278	2529.274
5.5417	2549.053
5.5556	2517.586
5.5694	2476.933
5.5833	2439.616
5.5972	2483.355
5.6111	2465.473
5.625	2478.883
5.6389	2468.429
5.6528	2432.2
5.6667	2427.531
5.6806	2506.275
5.6944	2544.554
5.7083	2562.91
5.7222	2535.07
5.7361	2451.986
5.75	2487.068
5.7639	2446.299
5.7778	2454.822
5.7917	2496.777
5.8056	2455.62
5.8194	2474.068
5.8333	2540.624
5.8472	2412.461
5.8611	2561.513
5.875	2444.424
5.8889	2443.199
5.9028	2462.154
5.9167	2427.123
5.9306	2474.055
5.9444	2462.062
5.9583	2486.525
5.9722	2446.268
5.9861	2363.345
6	2334.768
6.0139	2486.745
6.0278	2544.836
6.0417	2396.343
6.0556	2454.031
6.0694	2423.398
6.0833	2509.518
6.0972	2475.287
6.1111	2527.948
6.125	2482.871
6.1389	2517.094
6.1528	2480.826
6.1667	2473.193
6.1806	2541.697
6.1944	2500.098
6.2083	2415.537
6.2222	2456.758
6.2361	2527.873
6.25	2462.491
6.2639	2415.862
6.2778	2428.173
6.2917	2473.912
6.3056	2554.723
6.3194	2540.454
6.3333	2439.155
6.3472	2398.887
6.3611	2449.58
6.375	2467.354
6.3889	2434.745
6.4028	2473.204
6.4167	2486.996
6.4306	2445.243
6.4444	2457.465
6.4583	2512.048
6.4722	2384.476
6.4861	2448.671
6.5	2482.614
6.5139	2464.701
6.5278	2533.85
6.5417	2449.16
6.5556	2417.186
6.5694	2435.943
6.5833	2447.302
6.5972	2449.929
6.6111	2487.188
6.625	2449.717
6.6389	2492.069
6.6528	2411.669
6.6667	2482.607
6.6806	2402.479
6.6944	2414.536
6.7083	2417.202
6.7222	2414.458
6.7361	2400.757
6.75	2370.591
6.7639	2310.3
6.7778	2414.401
6.7917	2446.655
6.8056	2461.964
6.8194	2396.154
6.8333	2450.116
6.8472	2426.821
6.8611	2524.474
6.875	2439.57
6.8889	2386.415
6.9028	2408.595
6.9167	2432.165
6.9306	2419.336
6.9444	2433.163
6.9583	2425.024
6.9722	2409.71
6.9861	2409.226
7	2447.109
7.0139	2363.103
7.0278	2351.926
7.0417	2370.364
7.0556	2367.569
7.0694	2401.454
7.0833	2324.963
7.0972	2309.775
7.1111	2400.896
7.125	2348.354
7.1389	2399.651
7.1528	2416.315
7.1667	2433.963
7.1806	2392.28
7.1944	2418.171
7.2083	2459.269
7.2222	2424.227
7.2361	2415.079
7.25	2385.267
7.2639	2361.797
7.2778	2401.61
7.2917	2386.536
7.3056	2387.408
7.3194	2356.755
7.3333	2265.006
7.3472	2338.731
7.3611	2380.234
7.375	2379.571
7.3889	2408.406
7.4028	2352.578
7.4167	2453.841
7.4306	2303.916
7.4444	2274.421
7.4583	2272.976
7.4722	2294.429
7.4861	2332.59
7.5	2314.6
7.5139	2338.269
7.5278	2316.59
7.5417	2311.059
7.5556	2309
7.5694	2266.574
7.5833	2254.784
7.5972	2254.542
7.6111	2242.01
7.625	2317.104
7.6389	2285.243
7.6528	2280.652
7.6667	2260.356
7.6806	2295.739
7.6944	2260.809
7.7083	2249.621
7.7222	2257.858
7.7361	2249.986
7.75	2226.109
7.7639	2188.773
7.7778	2244.516
7.7917	2227.678
7.8056	2188.191
7.8194	2128.132
7.8333	2073.043
7.8472	2127.913
7.8611	2098.526
7.875	2190.553
7.8889	2164.144
7.9028	2147.51
7.9167	2133.821
7.9306	2099.21
7.9444	2033.713
7.9583	2030.82
7.9722	2067.337
7.9861	2014.532
8	1969.602
8.0139	1917.726
8.0278	1914.637
8.0417	1916.601
8.0556	1913.308
8.0694	1880.02
8.0833	1826.062
8.0972	1869.609
8.1111	1861.726
8.125	1828.646
8.1389	1819.063
8.1528	1786.453
8.1667	1745.234
8.1806	1760.81
8.1944	1717.747
8.2083	1697.411
8.2222	1650.023
8.2361	1756.267
8.25	1733.733
8.2639	1684.982
8.2778	1623.286
8.2917	1672.029
8.3056	1661.175
8.3194	1620.903
8.3333	1566.412
8.3472	1569.683
8.3611	1563.555
8.375	1567.782
8.3889	1560.252
8.4028	1491.332
8.4167	1470.493
8.4306	1442.971
8.4444	1432.282
8.4583	1464.898
8.4722	1423.516
8.4861	1481.929
8.5	1467.477
8.5139	1369.065
8.5278	1379.9
8.5417	1420.807
8.5556	1401.522
8.5694	1337.96
8.5833	1333.912
8.5972	1372.261
8.6111	1367.629
8.625	1372.594
8.6389	1353.85
8.6528	1378.343
8.6667	1325.154
8.6806	1367.531
8.6944	1394.982
8.7083	1382.827
8.7222	1310.23
8.7361	1337.392
8.75	1311.038
8.7639	1248.958
8.7778	1301.158
8.7917	1293.383
8.8056	1322.659
8.8194	1363.296
8.8333	1303.318
8.8472	1298.075
8.8611	1308.441
8.875	1261.7
8.8889	1325.201
8.9028	1266.861
8.9167	1321.036
8.9306	1299.654
8.9444	1321.339
8.9583	1352.751
8.9722	1360.77
8.9861	1339.251
9	1347.147
9.0139	1338.781
9.0278	1392.51
9.0417	1464.639
9.0556	1473.948
9.0694	1468.577
9.0833	1626.346
9.0972	1626.437
9.1111	1586.108
9.125	1616.026
9.1389	1667.333
9.1528	1696.141
9.1667	1755.247
9.1806	1775.007
9.1944	1714.726
9.2083	1742.111
9.2222	1802.704
9.2361	1805.69
9.25	1887.528
9.2639	1859.497
9.2778	1879.832
9.2917	1865.025
9.3056	1901.623
9.3194	1977.151
9.3333	1928.472
9.3472	1891.04
9.3611	1969.699
9.375	2056.709
9.3889	2051.574
9.4028	2047.071
9.4167	2048.81
9.4306	2024.109
9.4444	2064.594
9.4583	2074.916
9.4722	2116.291
9.4861	2085.758
9.5	2169.207
9.5139	2093.042
9.5278	2127.996
9.5417	2104.014
9.5556	2068.886
9.5694	2148.324
9.5833	2184.038
9.5972	2180.37
9.6111	2205.583
9.625	2208.623
9.6389	2157.45
9.6528	2265.776
9.6667	2179.734
9.6806	2147.139
9.6944	2219.824
9.7083	2230.842
9.7222	2332.472
9.7361	2228.744
9.75	2216.853
9.7639	2290.8
9.7778	2253.792
9.7917	2200.797
9.8056	2240.573
9.8194	2266.189
9.8333	2396.976
9.8472	2227.966
9.8611	2324.621
9.875	2304.683
9.8889	2360.317
9.9028	2273.911
9.9167	2350.18
9.9306	2414.518
9.9444	2336.748
9.9583	2351.135
9.9722	2346.355
9.9861	2332.821
10	2320.669
10.0139	2297.728
10.0278	2339.864
10.0417	2343.563
10.0556	2317.966
10.0694	2335.384
10.0833	2298.218
10.0972	2429.761
10.1111	2405.281
10.125	2434.443
10.1389	2474.156
10.1528	2453.911
10.1667	2448.482
10.1806	2475.3
10.1944	2359.446
10.2083	2410.003
10.2222	2422.047
10.2361	2411.475
10.25	2357.233
10.2639	2298.348
10.2778	2384.488
10.2917	2432.597
10.3056	2386.294
10.3194	2423.218
10.3333	2400.312
10.3472	2404.124
10.3611	2413.692
10.375	2378.378
10.3889	2395.414
10.4028	2416.369
10.4167	2341.857
10.4306	2356.273
10.4444	2394.196
10.4583	2388.588
10.4722	2384.187
10.4861	2379.601
10.5	2383.648
10.5139	2485.881
10.5278	2432.271
10.5417	2407.668
10.5556	2391.021
10.5694	2369.765
10.5833	2410.535
10.5972	2442.657
10.6111	2410.868
10.625	2424.635
10.6389	2325.632
10.6528	2393.75
10.6667	2445.765
10.6806	2411.574
10.6944	2482.972
10.7083	2384.9
10.7222	2408.363
10.7361	2352.779
10.75	2408.932
10.7639	2429.535
10.7778	2469.717
10.7917	2473.585
10.8056	2483.524
10.8194	2517.721
10.8333	2421.368
10.8472	2444.951
10.8611	2478.951
10.875	2400.84
10.8889	2418.728
10.9028	2453.476
10.9167	2378.414
10.9306	2357.711
10.9444	2413.97
10.9583	2397.637
10.9722	2389.286
10.9861	2427.386
11	2455.458
11.0139	2465.27
11.0278	2391.906
11.0417	2443.847
11.0556	2385.368
11.0694	2394.876
11.0833	2307.636
11.0972	2538.59
11.1111	2369.287
11.125	2502.908
11.1389	2506.129
11.1528	2488.049
11.1667	2469.348
11.1806	2430.01
11.1944	2441.68
11.2083	2399.892
11.2222	2430.183
11.2361	2510.017
11.25	2496.956
11.2639	2431.322
11.2778	2405.346
11.2917	2408.636
11.3056	2425.08
11.3194	2483.867
11.3333	2477.125
11.3472	2406.859
11.3611	2351.202
11.375	2400.696
11.3889	2428.381
11.4028	2403.08
11.4167	2386.82
11.4306	2378.756
11.4444	2440.813
11.4583	2422.817
11.4722	2371.573
11.4861	2387.269
11.5	2362.365
11.5139	2471.366
11.5278	2402.353
11.5417	2457.399
11.5556	2410.443
11.5694	2450.311
11.5833	2464.419
11.5972	2456.48
11.6111	2454.385
11.625	2430.831
11.6389	2354.322
11.6528	2454.479
11.6667	2402.009
11.6806	2352.424
11.6944	2473.533
11.7083	2459.111
11.7222	2378.471
11.7361	2401.344
11.75	2473.802
11.7639	2525.052
11.7778	2498.131
11.7917	2465.003
11.8056	2423.943
11.8194	2448.896
11.8333	2462.927
11.8472	2474.782
11.8611	2347.494
11.875	2380.956
11.8889	2352.799
11.9028	2423.985
11.9167	2510.167
11.9306	2500.875
11.9444	2497.524
11.9583	2514.355
11.9722	2453.878
11.9861	2432.991
12	2440.567
12.0139	2428.946
12.0278	2443.506
12.0417	2360.37
12.0556	2434.721
12.0694	2449.48
12.0833	2472.412
12.0972	2397.477
12.1111	2449.562
12.125	2529.638
12.1389	2354.165
12.1528	2393.26
12.1667	2451.84
12.1806	2382.317
12.1944	2378.54
12.2083	2437.663
12.2222	2446.29
12.2361	2375.245
12.25	2328.497
12.2639	2401.364
12.2778	2382.734
12.2917	2499.133
12.3056	2430.899
12.3194	2450.907
12.3333	2458.373
12.3472	2451.669
12.3611	2389.318
12.375	2367.975
12.3889	2392.91
12.4028	2345.765
12.4167	2328.615
12.4306	2394.532
12.4444	2384.436
12.4583	2460.393
12.4722	2446.099
12.4861	2412.021
12.5	2400.906
12.5139	2375.228
12.5278	2422.303
12.5417	2461.781
12.5556	2451.195
12.5694	2423.424
12.5833	2428.244
12.5972	2430.475
12.6111	2403.692
12.625	2377.449
12.6389	2434.763
12.6528	2491.501
12.6667	2404.294
12.6806	2394.156
12.6944	2382.865
12.7083	2449.698
12.7222	2455.488
12.7361	2458.396
12.75	2507.436
12.7639	2452.408
12.7778	2395.873
12.7917	2415.534
12.8056	2487.414
12.8194	2457.378
12.8333	2531.337
12.8472	2474.334
12.8611	2417.59
12.875	2350.702
12.8889	2470.429
12.9028	2479.341
12.9167	2380.551
12.9306	2420.073
12.9444	2452.836
12.9583	2420.385
12.9722	2407.564
12.9861	2440.773
13	2446.169
13.0139	2461.629
13.0278	2409.849
13.0417	2396.838
13.0556	2451.242
13.0694	2372.167
13.0833	2409.163
13.0972	2512.768
13.1111	2441.026
13.125	2454.16
13.1389	2429.454
13.1528	2416.675
13.1667	2396.916
13.1806	2371.728
13.1944	2396.637
13.2083	2400.636
13.2222	2392.219
13.2361	2402.848
13.25	2393.582
13.2639	2367.423
13.2778	2424.127
13.2917	2449.059
13.3056	2429.476
13.3194	2471.753
13.3333	2397.059
13.3472	2397.846
13.3611	2515.547
13.375	2472.339
13.3889	2426.101
13.4028	2390.536
13.4167	2373.216
13.4306	2371.069
13.4444	2345.103
13.4583	2425.479
13.4722	2409.022
13.4861	2414.301
13.5	2439.302
13.5139	2436.186
13.5278	2423.912
13.5417	2436.281
13.5556	2440.897
13.5694	2449.33
13.5833	2469.517
13.5972	2476.633
13.6111	2479.411
13.625	2473.483
13.6389	2383.102
13.6528	2456.496
13.6667	2407.963
13.6806	2397.966
13.6944	2307.934
13.7083	2377.651
13.7222	2466.894
13.7361	2464.725
13.75	2376.053
13.7639	2435.096
13.7778	2412.048
13.7917	2425.305
13.8056	2453.126
13.8194	2411.97
13.8333	2417.991
13.8472	2409.495
13.8611	2411.196
13.875	2478.234
13.8889	2322.318
13.9028	2428.343
13.9167	2453.349
13.9306	2459.032
13.9444	2429.669
13.9583	2466.988
13.9722	2411.573
13.9861	2391.885
14	2461.56
14.0139	2468.056
14.0278	2424.998
14.0417	2422.698
14.0556	2431.792
14.0694	2391.62
14.0833	2465.094
14.0972	2407.213
14.1111	2470.708
14.125	2468.066
14.1389	2429.484
14.1528	2414.866
14.1667	2471.961
14.1806	2516.586
14.1944	2497.047
14.2083	2484.498
14.2222	2433.799
14.2361	2410.338
14.25	2453.969
14.2639	2484.386
14.2778	2407.508
14.2917	2317.939
14.3056	2393.957
14.3194	2470.467
14.3333	2374.851
14.3472	2465.864
14.3611	2390.69
14.375	2424.446
14.3889	2425.904
14.4028	2377
14.4167	2349.753
14.4306	2376.59
14.4444	2452.505
14.4583	2386.69
14.4722	2360.935
14.4861	2406.116
14.5	2436.055
14.5139	2449.447
14.5278	2472.894
14.5417	2314.646
14.5556	2370.251
14.5694	2445.127
14.5833	2491.671
14.5972	2458.562
14.6111	2416.309
14.625	2370.034
14.6389	2456.336
14.6528	2479.907
14.6667	2444.169
14.6806	2375.717
14.6944	2402.943
14.7083	2350.248
14.7222	2377.828
14.7361	2462.435
14.75	2439.596
14.7639	2402.748
14.7778	2520.657
14.7917	2514.116
14.8056	2417.928
14.8194	2367.491
14.8333	2450.82
14.8472	2402.862
14.8611	2372.296
14.875	2399.226
14.8889	2330.027
14.9028	2402.539
14.9167	2505.314
14.9306	2386.326
14.9444	2425.701
14.9583	2383.282
14.9722	2414.703
14.9861	2459.583
15	2413.087
15.0139	2376.249
15.0278	2367.893
15.0417	2339.599
15.0556	2371.732
15.0694	2469.494
15.0833	2455.922
15.0972	2416.867
15.1111	2446
