z406	2%
14.4028	2196.333
14.3889	2184.996
14.375	2141.688
14.3611	2182.057
14.3472	2180.878
14.3333	2167.606
14.3194	2204.087
14.3056	2217.361
14.2917	2198.78
14.2778	2148.389
14.2639	2166.003
14.25	2100.651
14.2361	2208.204
14.2222	2142.011
14.2083	2240.777
14.1944	2161.356
14.1806	2147.66
14.1667	2199.101
14.1528	2227.628
14.1389	2181.009
14.125	2169.986
14.1111	2204.278
14.0972	2169.096
14.0833	2093.89
14.0694	2137.274
14.0556	2236.113
14.0417	2141.128
14.0278	2126.864
14.0139	2201.109
14	2200.013
13.9861	2154.53
13.9722	2107.702
13.9583	2202.927
13.9444	2208.098
13.9306	2131.02
13.9167	2141.129
13.9028	2150.299
13.8889	2184.567
13.875	2082.322
13.8611	2245.591
13.8472	2188.144
13.8333	2143.582
13.8194	2202.591
13.8056	2161.955
13.7917	2226.353
13.7778	2190.914
13.7639	2122.122
13.75	2169.53
13.7361	2248.121
13.7222	2079.185
13.7083	2287.495
13.6944	2157.517
13.6806	2221.74
13.6667	2108.415
13.6528	2116.964
13.6389	2189.216
13.625	2225.383
13.6111	2130.257
13.5972	2076.45
13.5833	2166.524
13.5694	2224.219
13.5556	2166.654
13.5417	2162.497
13.5278	2152.841
13.5139	2127.64
13.5	2315.323
13.4861	2150.396
13.4722	2167.753
13.4583	2213.283
13.4444	2199.835
13.4306	2249.995
13.4167	2267.7
13.4028	2249.075
13.3889	2239.177
13.375	2291.096
13.3611	2226.614
13.3472	2213.571
13.3333	2141.067
13.3194	2249.854
13.3056	2146.629
13.2917	2189.435
13.2778	2152.778
13.2639	2149.03
13.25	2180.992
13.2361	2209.975
13.2222	2176.262
13.2083	2169.579
13.1944	2172.446
13.1806	2268.413
13.1667	2284.784
13.1528	2171.365
13.1389	2100.751
13.125	2158.57
13.1111	2165.011
13.0972	2197.862
13.0833	2186.855
13.0694	2149.344
13.0556	2130.253
13.0417	2185.32
13.0278	2128.738
13.0139	2122.214
13	2193.467
12.9861	2312.351
12.9722	2265.314
12.9583	2153.187
12.9444	2140.69
12.9306	2114.103
12.9167	2161.31
12.9028	2174.056
12.8889	2047.991
12.875	2072.606
12.8611	2213.588
12.8472	2194.559
12.8333	2138.176
12.8194	2216.656
12.8056	2218.699
12.7917	2243.328
12.7778	2161.669
12.7639	2210.741
12.75	2203.219
12.7361	2162.395
12.7222	2170.222
12.7083	2196.731
12.6944	2242.55
12.6806	2261.516
12.6667	2244.046
12.6528	2271.583
12.6389	2121.017
12.625	2102.697
12.6111	2236.594
12.5972	2242.003
12.5833	2167.296
12.5694	2130.059
12.5556	2155.098
12.5417	2254.221
12.5278	2283.277
12.5139	2179.847
12.5	2193.628
12.4861	2102.303
12.4722	2196.96
12.4583	2176.642
12.4444	2181.916
12.4306	2137.856
12.4167	2151.391
12.4028	2150.364
12.3889	2142.28
12.375	2217.026
12.3611	2201.936
12.3472	2134.642
12.3333	2230.828
12.3194	2089.579
12.3056	2255.259
12.2917	2163.801
12.2778	2175.779
12.2639	2191.306
12.25	2122.229
12.2361	2111.071
12.2222	2200.119
12.2083	2199.942
12.1944	2138.401
12.1806	2232.46
12.1667	2177.934
12.1528	2105.688
12.1389	2177.966
12.125	2161.879
12.1111	2046.079
12.0972	2206.665
12.0833	2008.318
12.0694	2089.493
12.0556	2111.409
12.0417	2071.754
12.0278	2151.81
12.0139	2204.198
12	2137.38
11.9861	2100.841
11.9722	2112.35
11.9583	2052.588
11.9444	2103.273
11.9306	2162.22
11.9167	2093.889
11.9028	2093.979
11.8889	2182.257
11.875	2163.18
11.8611	2135.502
11.8472	2156.814
11.8333	2147.163
11.8194	2094.035
11.8056	2085.711
11.7917	2129.584
11.7778	2063.254
11.7639	2252.95
11.75	2183.179
11.7361	2150.054
11.7222	2190.813
11.7083	2120.962
11.6944	2130.737
11.6806	2155.948
11.6667	2079.309
11.6528	2034.849
11.6389	2135.022
11.625	2224.118
11.6111	2136.267
11.5972	2217.099
11.5833	2324.26
11.5694	2196.12
11.5556	2240.128
11.5417	2153.998
11.5278	2116.283
11.5139	2105.217
11.5	2047.551
11.4861	2028.771
11.4722	2108.548
11.4583	2102.882
11.4444	2160.103
11.4306	2224.191
11.4167	2110.049
11.4028	2142.762
11.3889	2057.654
11.375	2055.56
11.3611	2046.923
11.3472	2092.264
11.3333	2135.682
11.3194	2077.313
11.3056	2131.713
11.2917	2142.977
11.2778	2117.297
11.2639	2121.35
11.25	2116.234
11.2361	2146.09
11.2222	2059.414
11.2083	2044.38
11.1944	2038.545
11.1806	2157.06
11.1667	2179.618
11.1528	2131.905
11.1389	2113.624
11.125	2008.473
11.1111	2040.207
11.0972	2070.308
11.0833	2113.339
11.0694	2183.491
11.0556	2078.284
11.0417	2017.095
11.0278	2051.139
11.0139	1959.474
11	2036.128
10.9861	2163.807
10.9722	2139.527
10.9583	2035.572
10.9444	2053.875
10.9306	2076.155
10.9167	1983.883
10.9028	2062.369
10.8889	2144.824
10.875	2085.099
10.8611	2111.393
10.8472	2019.493
10.8333	2020.751
10.8194	2053.757
10.8056	2042.896
10.7917	2048.5
10.7778	1989.975
10.7639	2056.654
10.75	2001.832
10.7361	2083.484
10.7222	2122.448
10.7083	2108.267
10.6944	2082.09
10.6806	2022.092
10.6667	2020.191
10.6528	1995.377
10.6389	2048.585
10.625	2069.294
10.6111	2046.319
10.5972	2029.458
10.5833	2107.98
10.5694	2048.712
10.5556	1969.13
10.5417	1944.433
10.5278	1992.072
10.5139	2009.317
10.5	1998.647
10.4861	2041.346
10.4722	1987.764
10.4583	2002.85
10.4444	2043.422
10.4306	1979.615
10.4167	2064.004
10.4028	2093.11
10.3889	2026.677
10.375	2045.878
10.3611	2013.026
10.3472	2035.715
10.3333	2068.68
10.3194	1983.508
10.3056	1871.323
10.2917	1986.461
10.2778	2055.369
10.2639	1981.981
10.25	2014.362
10.2361	2019.155
10.2222	1971.857
10.2083	1943.248
10.1944	2004.192
10.1806	2043.351
10.1667	1983.243
10.1528	2023.663
10.1389	2037.631
10.125	2006.688
10.1111	1994.808
10.0972	1975.286
10.0833	1970.606
10.0694	2018.715
10.0556	2014.268
10.0417	1979.049
10.0278	2056.442
10.0139	2137.093
10	1915.146
9.9861	1900.245
9.9722	1962.584
9.9583	1948.264
9.9444	1935.936
9.9306	1928.152
9.9167	1893.49
9.9028	1943.114
9.8889	2008.067
9.875	1933.951
9.8611	1904.818
9.8472	2011.122
9.8333	2094.054
9.8194	1997.178
9.8056	1960.138
9.7917	1934.529
9.7778	1920.927
9.7639	1912.516
9.75	1957.749
9.7361	1894.758
9.7222	1972.84
9.7083	1899.791
9.6944	1926.427
9.6806	1964.441
9.6667	1948.486
9.6528	1864.638
9.6389	2017.595
9.625	1966.243
9.6111	1963.612
9.5972	1975.71
9.5833	1891.637
9.5694	1870.415
9.5556	1922.406
9.5417	2027.449
9.5278	1903.33
9.5139	1967.221
9.5	1967.27
9.4861	2026.955
9.4722	1929.254
9.4583	1917.997
9.4444	2003.363
9.4306	1898.536
9.4167	1925.589
9.4028	1967.899
9.3889	1919.569
9.375	1987.813
9.3611	2041.94
9.3472	1962.84
9.3333	1921.774
9.3194	1908.917
9.3056	1972.361
9.2917	1940.452
9.2778	1905.517
9.2639	1924.862
9.25	1952.149
9.2361	1945.901
9.2222	1889.308
9.2083	1911.384
9.1944	1897.578
9.1806	1945.64
9.1667	1938.966
9.1528	1918.944
9.1389	1833.968
9.125	1908.222
9.1111	1968.888
9.0972	1974.432
9.0833	1941.488
9.0694	1886.485
9.0556	1833.95
9.0417	1884.449
9.0278	1895.124
9.0139	1908.554
9	1944.281
8.9861	1991.923
8.9722	1932.038
8.9583	1968.282
8.9444	1947.933
8.9306	1937.589
8.9167	1940.287
8.9028	1948.537
8.8889	1940.195
8.875	1929.161
8.8611	1909.995
8.8472	1799.898
8.8333	1812.304
8.8194	1817.712
8.8056	1890.592
8.7917	1932.137
8.7778	1834.939
8.7639	1791.203
8.75	1807.51
8.7361	1828.669
8.7222	1806.842
8.7083	1768.396
8.6944	1827.302
8.6806	1825.555
8.6667	1804.233
8.6528	1915.137
8.6389	1822.704
8.625	1921.443
8.6111	1851.947
8.5972	1876.51
8.5833	1830.679
8.5694	1684.906
8.5556	1745.362
8.5417	1825.785
8.5278	1832.557
8.5139	1829.776
8.5	1828.093
8.4861	1771.379
8.4722	1736.87
8.4583	1819.627
8.4444	1716.957
8.4306	1634.117
8.4167	1783.331
8.4028	1847.874
8.3889	1729.893
8.375	1736.513
8.3611	1718.662
8.3472	1661.37
8.3333	1675.204
8.3194	1662.758
8.3056	1690.984
8.2917	1655.15
8.2778	1757.844
8.2639	1709.875
8.25	1719.135
8.2361	1674.877
8.2222	1749.127
8.2083	1787.018
8.1944	1723.901
8.1806	1639.177
8.1667	1667.802
8.1528	1685.838
8.1389	1652.364
8.125	1618.834
8.1111	1710.85
8.0972	1774.339
8.0833	1646.06
8.0694	1613.154
8.0556	1601.464
8.0417	1624.117
8.0278	1569.59
8.0139	1507.202
8	1463.264
7.9861	1514.392
7.9722	1546.74
7.9583	1525.045
7.9444	1550.802
7.9306	1509.181
7.9167	1520.019
7.9028	1455.454
7.8889	1513.528
7.875	1521.806
7.8611	1491.891
7.8472	1430.086
7.8333	1446.107
7.8194	1421.92
7.8056	1393.832
7.7917	1418.962
7.7778	1441.959
7.7639	1416.864
7.75	1451.676
7.7361	1461.567
7.7222	1436.875
7.7083	1443.798
7.6944	1416.86
7.6806	1427.615
7.6667	1391.362
7.6528	1403.383
7.6389	1442.233
7.625	1317.526
7.6111	1251.683
7.5972	1311.485
7.5833	1303.935
7.5694	1317.607
7.5556	1370.346
7.5417	1273.361
7.5278	1305.077
7.5139	1356.01
7.5	1291.131
7.4861	1302.015
7.4722	1285.534
7.4583	1248.977
7.4444	1204.858
7.4306	1241.683
7.4167	1309.673
7.4028	1212.5
7.3889	1144.335
7.375	1252.858
7.3611	1197.155
7.3472	1163.9
7.3333	1193.42
7.3194	1161.653
7.3056	1175.049
7.2917	1208.312
7.2778	1210.215
7.2639	1205.323
7.25	1226.67
7.2361	1184.698
7.2222	1219.218
7.2083	1262.539
7.1944	1216.701
7.1806	1188.855
7.1667	1195.623
7.1528	1202.155
7.1389	1164.015
7.125	1167.962
7.1111	1151.32
7.0972	1166.148
7.0833	1116.365
7.0694	1232.921
7.0556	1179.201
7.0417	1277.043
7.0278	1229.596
7.0139	1221.972
7	1180.633
6.9861	1176.42
6.9722	1144.826
6.9583	1133.369
6.9444	1181.294
6.9306	1267.723
6.9167	1308.057
6.9028	1238.794
6.8889	1222.622
6.875	1261.146
6.8611	1270.404
6.8472	1297.291
6.8333	1282.625
6.8194	1306.531
6.8056	1311.543
6.7917	1260.995
6.7778	1246.857
6.7639	1308.687
6.75	1341.018
6.7361	1338.294
6.7222	1365.375
6.7083	1342.34
6.6944	1372.323
6.6806	1377.667
6.6667	1320.069
6.6528	1321.806
6.6389	1347.98
6.625	1383.728
6.6111	1422.121
6.5972	1400.739
6.5833	1398.334
6.5694	1388.84
6.5556	1307.742
6.5417	1339.612
6.5278	1324.813
6.5139	1443.191
6.5	1445.622
6.4861	1413.274
6.4722	1453.476
6.4583	1454.358
6.4444	1478.253
6.4306	1514.651
6.4167	1494.533
6.4028	1434.877
6.3889	1511.843
6.375	1468.245
6.3611	1473.453
6.3472	1536.585
6.3333	1555.803
6.3194	1587.008
6.3056	1546.627
6.2917	1568.158
6.2778	1615.811
6.2639	1638.593
6.25	1573.678
6.2361	1572.75
6.2222	1591.533
6.2083	1628.286
6.1944	1584.167
6.1806	1657.245
6.1667	1647.366
6.1528	1576.679
6.1389	1649.553
6.125	1653.99
6.1111	1687.896
6.0972	1656.657
6.0833	1623.219
6.0694	1635.533
6.0556	1682.445
6.0417	1648.537
6.0278	1669.542
6.0139	1703.697
6	1692.46
5.9861	1664.157
5.9722	1783.97
5.9583	1757.146
5.9444	1769.883
5.9306	1731.821
5.9167	1702.816
5.9028	1663.764
5.8889	1617.172
5.875	1669.488
5.8611	1703.494
5.8472	1770.866
5.8333	1786.963
5.8194	1752.534
5.8056	1771.908
5.7917	1763.113
5.7778	1819.229
5.7639	1791.806
5.75	1828.116
5.7361	1801.973
5.7222	1746.392
5.7083	1761.701
5.6944	1796.977
5.6806	1877.958
5.6667	1816.702
5.6528	1815.988
5.6389	1708.736
5.625	1838.566
5.6111	1982.583
5.5972	1876.514
5.5833	1827.957
5.5694	1827.261
5.5556	1894.67
5.5417	1979.435
5.5278	1993.358
5.5139	1955.317
5.5	1919.772
5.4861	1934.736
5.4722	1833.053
5.4583	1862.866
5.4444	1876.131
5.4306	1863.478
5.4167	1915.595
5.4028	1916.034
5.3889	1994.679
5.375	2034.106
5.3611	1935.127
5.3472	1864.412
5.3333	1847.293
5.3194	1921.965
5.3056	1868.142
5.2917	1839.559
5.2778	1946.105
5.2639	1961.897
5.25	1931.398
5.2361	1940.331
5.2222	1906.63
5.2083	1944.419
5.1944	1918.426
5.1806	1958.07
5.1667	1986.865
5.1528	1918.92
5.1389	1992.253
5.125	1880.951
5.1111	1962.302
5.0972	1912.991
5.0833	1948.668
5.0694	1995.137
5.0556	2041.499
5.0417	2062.187
5.0278	2034.535
5.0139	1955.453
5	1936.984
4.9861	2018.651
4.9722	1997.358
4.9583	2011.535
4.9444	2080.532
4.9306	2043.263
4.9167	2006.202
4.9028	2050.236
4.8889	2012.126
4.875	2011.082
4.8611	2045.017
4.8472	1975.5
4.8333	1938.09
4.8194	2053.25
4.8056	2017.402
4.7917	2130.892
4.7778	2085.225
4.7639	2050.683
4.75	1987.964
4.7361	2029.638
4.7222	2065.612
4.7083	2033.711
4.6944	2073.293
4.6806	2113.437
4.6667	2128.653
4.6528	2116.541
4.6389	2085.471
4.625	1984.76
4.6111	1970.415
4.5972	2035.42
4.5833	2064.656
4.5694	2126.573
4.5556	2123.675
4.5417	2019.602
4.5278	2145.085
4.5139	2123.97
4.5	2034.263
4.4861	2004.264
4.4722	1938.779
4.4583	2038.908
4.4444	2099.056
4.4306	2085.145
4.4167	2088.371
4.4028	2031.613
4.3889	2057.839
4.375	2062.532
4.3611	2136.643
4.3472	2116.863
4.3333	2079.974
4.3194	2143.092
4.3056	2152.608
4.2917	2197.91
4.2778	2066.705
4.2639	2063.516
4.25	2128.262
4.2361	2079.066
4.2222	2116.394
4.2083	2131.987
4.1944	2094.569
4.1806	2132.034
4.1667	2093.949
4.1528	2084.634
4.1389	2132.196
4.125	2163.256
4.1111	2052.372
4.0972	2006.864
4.0833	2127.093
4.0694	2143.94
4.0556	2086.788
4.0417	2031.644
4.0278	2049.56
4.0139	2222.766
4	2189.878
3.9861	2143.927
3.9722	2101.337
3.9583	2134.976
3.9444	2157.942
3.9306	2234.823
3.9167	2129.602
3.9028	2197.872
3.8889	2182.332
3.875	2228.815
3.8611	2125.277
3.8472	2190.338
3.8333	2158.868
3.8194	2063.158
3.8056	2103.015
3.7917	2129.607
3.7778	2170.261
3.7639	2269.596
3.75	2078.524
3.7361	1963.16
3.7222	2092.625
3.7083	2074.672
3.6944	2078.448
3.6806	2145.895
3.6667	2105.26
3.6528	2132.673
3.6389	2158.31
3.625	1983.518
3.6111	2044.429
3.5972	2169.257
3.5833	2120.843
3.5694	2194.755
3.5556	2240.963
3.5417	2086.616
3.5278	2085.095
3.5139	2115.557
3.5	2099.772
3.4861	2037.803
3.4722	2157.521
3.4583	2173.95
3.4444	2143.703
3.4306	2175.596
3.4167	2032.734
3.4028	2115.442
3.3889	2094.212
3.375	2050.688
3.3611	2198.683
3.3472	2235.24
3.3333	2188.972
3.3194	2187.946
3.3056	2254.971
3.2917	2145.444
3.2778	2103.139
3.2639	2156.093
3.25	2152.018
3.2361	2089.379
3.2222	2062.932
3.2083	2158.436
3.1944	2186.806
3.1806	2260.016
3.1667	2159.85
3.1528	2146.323
3.1389	2205.023
3.125	2195.845
3.1111	2155.043
3.0972	2152.779
3.0833	2128.683
3.0694	2151.901
3.0556	2160.077
3.0417	2120.503
3.0278	2211.794
3.0139	2209.653
3	2149.853
2.9861	2119.843
2.9722	2125.361
2.9583	2130.772
2.9444	2044.77
2.9306	2078.413
2.9167	2134.745
2.9028	2170.878
2.8889	2149.817
2.875	2179.588
2.8611	2122.422
2.8472	2198.955
2.8333	2205.379
2.8194	2247.489
2.8056	2170.582
2.7917	2086.527
2.7778	2128.377
2.7639	2156.954
2.75	2113.694
2.7361	2140.284
2.7222	2167.326
2.7083	2094.231
2.6944	2212.265
2.6806	2050.493
2.6667	2201.229
2.6528	2178.484
2.6389	2225.741
2.625	2188.179
2.6111	2152.95
2.5972	2212.193
2.5833	2196.088
2.5694	2201.664
2.5556	2288.995
2.5417	2174.662
2.5278	2228.193
2.5139	2171.508
2.5	2070.38
2.4861	2182.726
2.4722	2194.439
2.4583	2190.299
2.4444	2106.916
2.4306	2111.358
2.4167	2130.365
2.4028	2170.375
2.3889	2209.773
2.375	2268.26
2.3611	2235.814
2.3472	2158.307
2.3333	2228.581
2.3194	2236.13
2.3056	2288.655
2.2917	2186.211
2.2778	2216.681
2.2639	2226.775
2.25	2144.823
2.2361	2166.7
2.2222	2240.721
2.2083	2263.776
2.1944	2196.468
2.1806	2173.31
2.1667	2196.675
2.1528	2091.712
2.1389	2081.026
2.125	2139.767
2.1111	2210.77
2.0972	2148.076
2.0833	2174.996
2.0694	2190.649
2.0556	2120.621
2.0417	2129.465
2.0278	2145.864
2.0139	2171.231
2	2232.871
1.9861	2207.096
1.9722	2128.127
1.9583	2091.289
1.9444	2131.512
1.9306	2090.396
1.9167	2083.012
1.9028	2136.268
1.8889	2165.638
1.875	2213.092
1.8611	2200.127
1.8472	2237.932
1.8333	2250.097
1.8194	2173.023
1.8056	2229.063
1.7917	2193.545
1.7778	2098.224
1.7639	2155.61
1.75	2148.346
1.7361	2129.43
1.7222	2196.409
1.7083	2150.573
1.6944	2143.955
1.6806	2171.738
1.6667	2101.701
1.6528	2121.451
1.6389	2167.452
1.625	2174.344
1.6111	2153.34
1.5972	2209.619
1.5833	2198.656
1.5694	2148.973
1.5556	2164.931
1.5417	2166.552
1.5278	2139.867
1.5139	2164.307
1.5	2114.917
1.4861	2150.983
1.4722	2135.719
1.4583	2235.575
1.4444	2134.471
1.4306	2185.121
1.4167	2221.577
1.4028	2219.953
1.3889	2115.957
1.375	2087.608
1.3611	2183.777
1.3472	2190.749
1.3333	2136.411
1.3194	2143.606
1.3056	2060.137
1.2917	2156.542
1.2778	2230.332
1.2639	2148.365
1.25	2183.556
1.2361	2170.532
1.2222	2117.624
1.2083	2111.63
1.1944	2154.825
1.1806	2128.946
1.1667	2149.223
1.1528	2120.029
1.1389	1988.467
1.125	2113.833
1.1111	2134.643
1.0972	2167.072
1.0833	2160.672
1.0694	2266.296
1.0556	2129.41
1.0417	2194.722
1.0278	2225.363
1.0139	2156.763
1	2130.786
0.9861	2195.084
0.9722	2113.841
0.9583	2069.578
0.9444	2112.076
0.9306	2089.503
0.9167	2132.721
0.9028	2159.116
0.8889	2138.863
0.875	2101.927
0.8611	2077.04
0.8472	2111.853
0.8333	2135.163
0.8194	2077.362
0.8056	2128.022
0.7917	2241.905
0.7778	2116.226
0.7639	2211.441
0.75	2212.392
0.7361	2197.802
0.7222	2206.185
0.7083	2221.591
0.6944	2116.129
0.6806	2070.402
0.6667	2057.249
0.6528	2064.468
0.6389	2048.759
0.625	2138.718
0.6111	2058.943
0.5972	2062.3
0.5833	2190.375
0.5694	2209.719
0.5556	2096.569
0.5417	2076.681
0.5278	2118.113
0.5139	2117.995
0.5	2167.317
0.4861	2154.814
0.4722	2150.267
0.4583	2172.771
0.4444	2102.69
0.4306	2092.905
0.4167	2040.266
0.4028	2066.796
0.3889	2242.902
0.375	2114.928
0.3611	2059.865
0.3472	2132.171
0.3333	2126.124
0.3194	2116.283
0.3056	2122.472
0.2917	2161.384
0.2778	2095.69
0.2639	2124.438
0.25	2182.494
0.2361	2130.417
0.2222	2224.259
0.2083	2077.962
0.1944	2104.152
0.1806	2154.349
0.1667	2133.091
0.1528	2060.102
0.1389	2084.714
0.125	2156.79
0.1111	2161.656
0.0972	2219.27
0.0833	2161.379
0.0694	2104.929
0.0556	2134.175
0.0417	2129.253
0.0278	2141.608
0.0139	2110.416
0	2121
